temp	cage	trial	light	temp_f	sd_f	temp_c	sd_c	year
Warm	1	1	Dark	72.30434783	2.760374948	22.39130435	1.533541638	2015
Warm	1	2	Dark	77.4980427	1.956399913	25.27669039	1.08688884	2015
Warm	1	3	Dark	76.31444043	2.151598286	24.61913357	1.195332381	2015
Warm	1	4	Dark	74.71024735	2.358610873	23.72791519	1.310339374	2015
Warm	1	5	Dark	72.34537445	1.50254037	22.41409692	0.83474465	2015
Warm	1	1	Light	72.68149688	2.762843237	22.6008316	1.53491291	2015
Warm	1	2	Light	77.89028777	1.779587741	25.49460432	0.988659856	2015
Warm	1	3	Light	76.61567568	2.271759453	24.78648649	1.262088585	2015
Warm	1	4	Light	74.46060071	2.336804942	23.58922261	1.298224968	2015
Warm	1	5	Light	72.7205298	1.472415294	22.62251656	0.818008497	2015
Warm	2	1	Dark	72.80809129	2.730241224	22.67116183	1.51680068	2015
Warm	2	2	Dark	77.24646643	2.025792943	25.1369258	1.125440524	2015
Warm	2	3	Dark	76.17472924	2.117850684	24.54151625	1.176583713	2015
Warm	2	4	Dark	73.63582888	2.292818696	23.13101604	1.273788164	2015
Warm	2	5	Dark	72.86593407	1.444663565	22.7032967	0.802590869	2015
Warm	2	1	Light	71.99957717	2.65861245	22.22198732	1.477006917	2015
Warm	2	2	Light	76.24761905	2.091871483	24.58201058	1.162150824	2015
Warm	2	3	Light	75.57364621	2.212007032	24.20758123	1.228892795	2015
Warm	2	4	Light	74.46684492	2.117774824	23.59269162	1.176541569	2015
Warm	2	5	Light	72.01125828	1.461794102	22.22847682	0.812107835	2015
Cool	1	1	Dark	67.90881801	1.76951448	19.94934334	0.9830636	2015
Cool	1	2	Dark	68.53038397	2.794897109	20.29465776	1.552720616	2015
Cool	1	3	Dark	67.17487521	2.104230111	19.54159734	1.169016728	2015
Cool	1	4	Dark	68.35169231	1.860266205	20.19538462	1.033481225	2015
Cool	1	5	Dark	67.74100719	1.649354248	19.85611511	0.916307915	2015
Cool	1	1	Light	67.93426966	1.866382192	19.96348315	1.036878996	2015
Cool	1	2	Light	69.03741611	2.75047914	20.57634228	1.528043966	2015
Cool	1	3	Light	67.29168053	2.229124792	19.60648918	1.238402662	2015
Cool	1	4	Light	68.87369231	1.865525426	20.48538462	1.036403014	2015
Cool	1	5	Light	67.92877698	1.66632766	19.96043165	0.925737589	2015
Cool	2	1	Dark	67.90206379	1.667247366	19.94559099	0.926248536	2015
Cool	2	2	Dark	68.5041806	2.509979929	20.28010033	1.394433294	2015
Cool	2	3	Dark	67.42334437	1.918151423	19.67963576	1.06563968	2015
Cool	2	4	Dark	68.30508475	1.776029184	20.16949153	0.98668288	2015
Cool	2	5	Dark	67.06438849	1.662211103	19.48021583	0.923450613	2015
Cool	2	1	Light	66.96153846	1.833266907	19.42307692	1.018481615	2015
Cool	2	2	Light	67.7851419	2.55696235	19.88063439	1.420534639	2015
Cool	2	3	Light	66.42985075	2.086860765	19.12769486	1.159367092	2015
Cool	2	4	Light	67.66820276	1.754962983	19.8156682	0.974979435	2015
Cool	2	5	Light	67.98866906	1.618518183	19.99370504	0.899176768	2015
Warm	1	1	Light	65.58723404	0.424067786	18.65957447	0.235593215	2014
Warm	1	1	Dark	65.31914894	0.131278492	18.5106383	0.072932496	2014
Warm	2	1	Light	64.76382979	0.446447588	18.20212766	0.248026438	2014
Warm	2	1	Dark	64.64893617	0.406935707	18.13829787	0.226075393	2014
Warm	1	2	Light	70.32641509	0.447708243	21.29245283	0.248726801	2014
Warm	1	2	Dark	70.05471698	0.409298667	21.14150943	0.227388149	2014
Warm	2	2	Light	69.76603774	0.35133996	20.98113208	0.195188867	2014
Warm	2	2	Dark	69.71509434	0.364478672	20.95283019	0.202488151	2014
Warm	1	3	Light	72.56101695	0.882202758	22.53389831	0.490112643	2014
Warm	1	3	Dark	72.10338983	0.904198274	22.27966102	0.502332374	2014
Warm	2	3	Light	72.11864407	0.855504404	22.28813559	0.475280224	2014
Warm	2	3	Dark	71.95084746	0.852455456	22.19491525	0.473586364	2014
Warm	1	4	Light	72.78571429	0.663047009	22.65873016	0.36835945	2014
Warm	1	4	Dark	72.37142857	0.507501334	22.42857143	0.281945185	2014
Warm	2	4	Light	72.18571429	0.563645148	22.32539683	0.313136193	2014
Warm	2	4	Dark	72.05714286	0.623391941	22.25396825	0.346328856	2014
Warm	1	5	Light	71.2	0.45080573	21.77777778	0.250447628	2014
Warm	1	5	Dark	70.84285714	0.331523505	21.57936508	0.184179725	2014
Warm	2	5	Light	70.68571429	0.113389342	21.49206349	0.062994079	2014
Warm	2	5	Dark	70.71428571	0.113389342	21.50793651	0.062994079	2014
Warm	1	6	Light	70.41428571	0.422304409	21.34126984	0.234613561	2014
Warm	1	6	Dark	70.17142857	0.639159875	21.20634921	0.355088819	2014
Warm	2	6	Light	69.57142857	0.394898342	20.87301587	0.219387968	2014
Warm	2	6	Dark	69.52857143	0.416370094	20.84920635	0.231316719	2014
Cool	1	1	Light	61.96808511	1.464671856	16.64893617	0.813706586	2014
Cool	1	1	Dark	61.62340426	1.522613995	16.45744681	0.845896664	2014
Cool	2	1	Light	61.56595745	1.535843713	16.42553191	0.853246507	2014
Cool	2	1	Dark	61.37446809	1.529488133	16.31914894	0.84971563	2014
Cool	1	2	Light	62.1	1.405917414	16.72222222	0.78106523	2014
Cool	1	2	Dark	61.83333333	1.413946704	16.57407407	0.785525947	2014
Cool	2	2	Light	61.63333333	1.552478238	16.46296296	0.86248791	2014
Cool	2	2	Dark	61.3	1.448747019	16.27777778	0.804859455	2014
Cool	1	3	Light	61.27288136	1.579811262	16.26271186	0.877672923	2014
Cool	1	3	Dark	60.9220339	1.658319444	16.06779661	0.92128858	2014
Cool	2	3	Light	60.86101695	1.678465735	16.03389831	0.932480964	2014
Cool	2	3	Dark	60.57118644	1.709209421	15.87288136	0.949560789	2014
Cool	1	4	Light	61.34285714	1.529570284	16.3015873	0.849761269	2014
Cool	1	4	Dark	61.11428571	1.633801933	16.17460317	0.90766774	2014
Cool	2	4	Light	61.12857143	1.50165807	16.18253968	0.834254483	2014
Cool	2	4	Dark	60.77142857	1.52468173	15.98412698	0.847045406	2014
Cool	1	5	Light	60.97142857	1.607184331	16.0952381	0.892880184	2014
Cool	1	5	Dark	60.91428571	1.49459857	16.06349206	0.830332539	2014
Cool	2	5	Light	60.77142857	1.427317422	15.98412698	0.792954123	2014
Cool	2	5	Dark	60.44285714	1.432538271	15.8015873	0.795854595	2014
Cool	1	6	Light	61.64285714	1.311944418	16.46825397	0.72885801	2014
Cool	1	6	Dark	61.35714286	1.266913227	16.30952381	0.703840682	2014
Cool	2	6	Light	61.11428571	1.353949675	16.17460317	0.752194264	2014
Cool	2	6	Dark	60.85714286	1.311944418	16.03174603	0.72885801	2014
